degree, noise, Mean, R2, MSE
1 True[ 0.08971791] [ 0.52800354] [ 0.00832965]
1 False[ 0.09076187] [ 0.53070233] [ 0.00879668]
2 True[ 0.08848356] [ 0.74094512] [ 0.00425493]
2 False[ 0.0898255] [ 0.73855342] [ 0.00452127]
3 True[ 0.07856575] [ 0.72571869] [ 0.00382799]
3 False[ 0.09101851] [ 0.75182855] [ 0.00441419]
4 True[ 0.08314974] [ 0.78384156] [ 0.00337787]
4 False[ 0.08605438] [ 0.75987858] [ 0.00386871]
5 True[ 0.08860359] [ 0.7684382] [ 0.00402694]
5 False[ 0.08437913] [ 0.73695426] [ 0.00419993]
